0,2.5,0,3.63,0,4.69,0,6.03,0,7.1,1,8.26,2,9.33,3,10.43,4,11.53,1,12.0,2,12.5,3,14.0,4,15.1,1,16.26,1,16.46,1,16.69,
1,17.13,2,17.36,2,18.5,2,19.66,2,20.76,2,21.2,2,21.4,2,21.6,2,22.06,3,23.2,3,24.3,3,25.4,3,25.63,3,26.03,3,26.3,3,
26.53,1,27.63,2,28.1,3,28.53,4,28.76,4,29.4,3,30.03,2,30.53,1,31.16,0,31.66,0,32.33,0,32.76,0,33.43,1,34.13,1,
34.53,2,35.16,2,35.63,3,36.6,3,37.0,4,37.43,4,38.06,0,38.53,0,39.16,0,39.66,0,40.26,0,40.8,0,41.4,0,42.06,1,
42.53,3,43.16,3,43.66,3,44.06,3,44.3,3,44.53,3,44.73,4,45.8,4,47.16,0,48.26,0,48.53,0,48.76,0,49.13,0,49.36,
1,50.5,1,51.66,0,52.69,0,53.13,0,53.33,0,53.56,0,54.03,2,55.16,2,56.3,0,57.36,0,57.56,0,57.8,0,58.16,0,58.46,
3,59.63,3,60.76,4,61.8,3,62.23,4,62.46,3,62.69,4,63.1,1,64.23,2,64.53,1,64.76,2,65.36,1,66.0,1,66.53,1,67.13,
1,67.63,2,68.3,2,68.73,2,69.4,2,70.06,2,70.53,1,71.16,2,71.66,1,72.3,2,72.73,1,73.43,2,74.03,1,74.5,2,75.16,
2,75.63,1,76.26,3,76.76,4,77.36,4,78.06,3,78.56,3,79.2,3,79.66,0,80.3,0,80.53,0,80.76,0,81.16,0,81.4,3,82.43,
4,83.56,1,84.76,1,85.16,2,85.4,2,86.03,3,87.16,4,88.3,1,89.36,2,89.63,2,90.03,2,90.23,1,90.53,1,91.63,2,92.73,
0,94.0,0,94.23,0,94.46,0,94.69,0,95.16,2,96.3,2,97.43,0,98.46,0,98.76,0,99.16,0,99.4,0,99.6,1,100.69,1,101.13,
2,101.36,2,102.03,1,102.5,2,103.66,3,104.3,3,104.76,1,105.4,4,106.03,4,106.46,4,107.16,3,107.63,4,108.3,3,
108.73,4,109.43,1,110.03,2,110.5,1,111.16,2,111.63,2,112.26,2,112.76,1,113.4,1,114.03,2,114.5,1,115.16,3,
115.63,3,116.3,0,116.76,0,117.36,0,117.56,0,117.8,1,119.26,1,120.33,1,121.5,1,122.56,2,123.63,2,124.8,2,
126.03,2,127.2,2,128.3,3,129.46,3,130.6,3,131.76,3,133.06,3,134.26,4,135.26,4,136.4,4,137.43,4,138.5,0,
139.56,0,140.69,0,142.03,0,143.13,0,144.23,0,145.36,0,146.43,1,147.6,2,148.73,3,149.8,4,151.1,0,152.2,0,
153.36,0,154.46,1,155.56,1,155.8,1,156.76,2,157.43,0,158.03,3,158.5,4,159.13,0,160.23,3,160.73,3,
161.36,0,162.53,4,163.63,4,164.3,0,164.73,4,165.33,3,165.8,3,166.46,0,167.13,1,167.63,1,168.26,1,
168.73,0,169.4,2,170.03,2,170.5,0,171.2,0,171.63,0,172.23,0,172.4,0,172.66,0,174.0,0,175.1,1,176.46,1,
176.69,1,177.1,1,177.36,4,178.46,4,179.56,3,180.69,3,181.1,3,181.33,3,181.6,3,182.03,0,183.16,0,184.26,
3,185.33,3,185.56,3,186.0,3,186.2,4,186.46,4,187.6,1,188.69,2,189.8,1,190.23,2,190.46,1,190.69,2,191.1,1,
192.23,1,192.46,1,192.73,2,193.43,2,194.0,2,194.5,2,195.16,4,195.63,1,196.26,1,196.76,1,197.4,4,198.06,2,
198.53,2,199.16,2,199.63,3,200.3,1,200.76,1,201.43,2,202.06,2,202.53,4,203.13,2,203.63,2,204.26,1,204.76,
1,205.43,3,206.03,3,206.53,1,207.16,1,207.63,0,208.26,0,208.53,0,208.8,0,209.16,0,209.36,0,210.53,1,212.69,
1,214.06,2,215.3,2,216.3,1,217.4,2,218.53,0,219.6,0,220.06,0,220.26,0,220.53,0,220.76,3,222.03,3,223.1,4,
224.3,4,225.4,0,226.53,0,227.69,0,230.0,0,233.4,240